5

88 444444 555 0 444 7777 0 2222222 9999999999999 33333333333 77777777 666 6 33

6 999 0 777777777 2222 77777777777 33333 66666 8888 77777777 0 7777777 33333 2222 555555555 555 9999999 0 8 33 99 8888 33 3333333333 0 555555555555 444444444 55 33333333 0 8888888 44 444 7777

6666666666 2 999 22 33333 0 77777777777777 999999999 33333 777 8 9999999 0 55555555555 33333333 999 22222222 666666 2222 777 3333333333 7777 0 2222222222 777 33333 0 66 666 8888 0 7777777777777777 666 0 22222222222 2222222 3

8 44444 33 0 77 88888888888 444 222222 55555555555 0 22 777777777777777 666 9 66 0 333333333 666 999999 0 5555555555 88 6 777777777 7777777777777777 0 666 888 33333 77777777777 0 8 44 33333333 0 555555555555 2 99999999 999 0 3 666666666666 4444444

333333333 666666666 88 777 0 77777777 222222222 666 77777777777 33333 0 2 66 3 0 7777 33 888 33 66 0 999999999999999 33333 2 777 7777777777777777 0 2 4444 666666666
